00 01 00 FF 02 00 00 FE 01 00 00 00 FF 01 00 00
00 00 00 00 00 00 0A 0C 0A 00 00 00 00 00 00 00
00 00 F0 7F D0 00 00 00 00 00 00 10 14 10 00 00
00 01 00 FF 02 00 00 FE 01 00 00 00 FF 01 00 00
00 01 00 FF 02 00 00 FE 01 00 00 00 FF 01 00 00
00 00 00 00 00 00 0A 0C 0A 00 00 00 00 00 00 00
00 00 F0 7F D0 00 00 00 00 00 00 10 14 10 00 00
00 01 00 FF 02 00 00 FE 01 00 00 00 FF 01 00 00
00 01 00 FF 02 00 00 FE 01 00 00 00 FF 01 00 00
00 00 00 00 00 00 0A 0C 0A 00 00 00 00 00 00 00
00 00 F0 7F D0 00 00 00 00 00 00 10 14 10 00 00
00 01 00 FF 02 00 00 FE 01 00 00 00 FF 01 00 00
00 01 00 FF 02 00 00 FE 01 00 00 00 FF 01 00 00
00 00 00 00 00 00 0A 0C 0A 00 00 00 00 00 00 00
00 00 F0 7F D0 00 00 00 00 00 00 10 14 10 00 00
00 01 00 FF 02 00 00 FE 01 00 00 00 FF 01 00 00
